['Eye_00001.png', ((263.0710144042969, 194.5358123779297), (105.27283477783203, 129.14764404296875), 59.968746185302734)]
['Eye_00011.png', ((354.4117431640625, 221.21743774414062), (114.56898498535156, 128.39321899414062), 104.1075668334961)]
['Eye_00021.png', ((356.7213134765625, 221.15052795410156), (119.50244903564453, 129.05386352539062), 102.39151763916016)]
['Eye_00031.png', ((371.604248046875, 223.3166961669922), (109.57013702392578, 124.00697326660156), 113.05611419677734)]
['Eye_00041.png', ((353.97991943359375, 219.57737731933594), (116.50609588623047, 129.75099182128906), 102.92800903320312)]
['Eye_00051.png', ((313.1068420410156, 217.34901428222656), (117.66720581054688, 131.63430786132812), 78.51738739013672)]
['Eye_00061.png', ((247.30343627929688, 219.47080993652344), (112.34510803222656, 134.77462768554688), 46.576629638671875)]
['Eye_00071.png', ((209.53738403320312, 238.22561645507812), (108.24463653564453, 133.21542358398438), 31.911930084228516)]
['Eye_00081.png', ((172.42739868164062, 248.4906463623047), (87.08358001708984, 123.73745727539062), 19.505678176879883)]
['Eye_00091.png', ((181.81666564941406, 251.14007568359375), (86.82792663574219, 116.15862274169922), 18.856266021728516)]
['Eye_00101.png', ((195.75611877441406, 285.1839599609375), (86.79817199707031, 107.81705474853516), 5.742767810821533)]
['Eye_00111.png', ((201.64512634277344, 322.09527587890625), (92.8997802734375, 111.73700714111328), 171.49192810058594)]
['Eye_00121.png', ((204.5713653564453, 316.419921875), (95.74407196044922, 113.91966247558594), 175.9232940673828)]
['Eye_00131.png', ((251.02906799316406, 305.67974853515625), (108.79344940185547, 116.59388732910156), 8.341267585754395)]
['Eye_00141.png', ((301.6207580566406, 305.72772216796875), (122.42922973632812, 125.07650756835938), 52.832794189453125)]
['Eye_00151.png', ((356.95379638671875, 300.35003662109375), (121.73970031738281, 124.73661041259766), 153.39720153808594)]
['Eye_00161.png', ((379.9576721191406, 303.6521301269531), (120.76394653320312, 127.59133911132812), 164.04638671875)]
['Eye_00171.png', ((384.20440673828125, 304.7818603515625), (120.86446380615234, 129.4368896484375), 172.88082885742188)]
['Eye_00181.png', ((406.2107238769531, 309.0980529785156), (113.76898193359375, 130.260498046875), 171.96351623535156)]
['Eye_00191.png', ((419.75506591796875, 316.033935546875), (112.92697143554688, 132.13638305664062), 175.0262451171875)]
['Eye_00201.png', ((413.3009338378906, 311.878662109375), (116.26132202148438, 132.6219482421875), 163.1697998046875)]
['Eye_00211.png', ((340.05401611328125, 247.77052307128906), (123.98900604248047, 127.15789794921875), 12.980998992919922)]
['Eye_00221.png', ((316.4281005859375, 224.0088653564453), (121.64146423339844, 128.31776428222656), 65.16897583007812)]
['Eye_00231.png', ((313.97918701171875, 234.4825897216797), (128.10240173339844, 133.50453186035156), 64.94843292236328)]
['Eye_00241.png', ((317.1865539550781, 230.23072814941406), (131.7323760986328, 136.2101593017578), 52.01667404174805)]
['Eye_00251.png', ((311.5520324707031, 219.99740600585938), (132.63320922851562, 137.8955535888672), 69.78141021728516)]
['Eye_00261.png', ((311.21966552734375, 219.21542358398438), (134.82708740234375, 139.35704040527344), 68.67247772216797)]
['Eye_00271.png', ((310.5528259277344, 217.84429931640625), (134.81170654296875, 139.96063232421875), 70.24740600585938)]
['Eye_00281.png', ((328.1085510253906, 273.9051818847656), (139.20066833496094, 140.994140625), 119.18830108642578)]
['Eye_00291.png', ((327.10687255859375, 283.7834777832031), (141.0810089111328, 142.61172485351562), 160.72178649902344)]
['Eye_00301.png', ((295.2362365722656, 268.2304992675781), (137.1363525390625, 144.5892791748047), 53.63540267944336)]
['Eye_00311.png', ((289.6799011230469, 298.7936096191406), (138.03826904296875, 141.53677368164062), 30.164358139038086)]
['Eye_00321.png', ((317.5565490722656, 297.544189453125), (142.08543395996094, 143.33380126953125), 178.6671142578125)]
['Eye_00331.png', ((290.8591613769531, 296.0921936035156), (140.34033203125, 145.24697875976562), 87.66516876220703)]
['Eye_00341.png', ((372.9268798828125, 330.36749267578125), (129.92193603515625, 144.5968780517578), 24.549768447875977)]
['Eye_00361.png', ((320.08056640625, 339.3218688964844), (136.2227020263672, 140.1045684814453), 31.086471557617188)]
['Eye_00371.png', ((324.8948059082031, 354.9735412597656), (134.86061096191406, 141.36305236816406), 29.765338897705078)]
['Eye_00381.png', ((276.6382751464844, 349.5731201171875), (133.99830627441406, 141.0327911376953), 163.64576721191406)]
['Eye_00391.png', ((242.65403747558594, 320.9853210449219), (122.69353485107422, 136.16824340820312), 165.12319946289062)]
['Eye_00401.png', ((199.6297149658203, 313.8386535644531), (105.24911499023438, 131.14096069335938), 179.10301208496094)]
['Eye_00411.png', ((169.0480194091797, 309.6784973144531), (82.3204574584961, 118.46346282958984), 175.00808715820312)]
['Eye_00421.png', ((157.5742645263672, 313.1134948730469), (75.97130584716797, 115.47319030761719), 172.6862030029297)]
['Eye_00441.png', ((166.30679321289062, 382.08489990234375), (90.11404418945312, 136.26608276367188), 161.70016479492188)]
['Eye_00451.png', ((205.21273803710938, 372.5960998535156), (101.09046173095703, 114.04246520996094), 157.6731414794922)]
['Eye_00461.png', ((255.27590942382812, 386.86651611328125), (101.60717010498047, 115.65672302246094), 135.8746337890625)]
['Eye_00471.png', ((322.38958740234375, 402.3401184082031), (105.57471466064453, 113.63736724853516), 53.23465347290039)]
['Eye_00481.png', ((351.40283203125, 409.4090576171875), (109.35624694824219, 127.4476318359375), 56.21299743652344)]
['Eye_00491.png', ((379.099853515625, 400.6302185058594), (108.96473693847656, 136.58981323242188), 31.856643676757812)]
['Eye_00511.png', ((410.0282287597656, 386.4635925292969), (98.33941650390625, 126.99142456054688), 38.93595886230469)]
['Eye_00521.png', ((409.5898742675781, 365.30010986328125), (114.2053451538086, 133.1685333251953), 22.43166732788086)]
['Eye_00531.png', ((404.07476806640625, 351.4629821777344), (120.72511291503906, 133.86729431152344), 12.99846076965332)]
['Eye_00541.png', ((402.2948913574219, 349.3487243652344), (118.03479766845703, 134.4414520263672), 15.194252014160156)]
['Eye_00551.png', ((424.3782958984375, 298.08856201171875), (110.41770935058594, 129.80616760253906), 169.02191162109375)]
['Eye_00561.png', ((430.0943603515625, 268.1202392578125), (106.6268310546875, 133.6313934326172), 148.68699645996094)]
['Eye_00571.png', ((428.11334228515625, 234.92640686035156), (97.01185607910156, 133.7837677001953), 133.75169372558594)]
['Eye_00581.png', ((429.3423156738281, 220.46295166015625), (91.73210906982422, 132.17349243164062), 136.79742431640625)]
['Eye_00591.png', ((422.9613952636719, 220.1480255126953), (92.41413116455078, 137.85659790039062), 131.12069702148438)]
['Eye_00601.png', ((439.15740966796875, 202.07582092285156), (87.72477722167969, 132.5635223388672), 136.35255432128906)]
['Eye_00611.png', ((405.0589904785156, 168.98452758789062), (89.49790954589844, 135.41404724121094), 117.18997955322266)]
['Eye_00621.png', ((361.998046875, 147.5157012939453), (91.71479034423828, 133.48585510253906), 100.74541473388672)]
['Eye_00631.png', ((294.33233642578125, 131.17503356933594), (83.31846618652344, 135.0511016845703), 78.72138977050781)]
['Eye_00641.png', ((222.93878173828125, 136.12228393554688), (70.8349609375, 134.40916442871094), 59.0671501159668)]
['Eye_00651.png', ((190.6544189453125, 145.4463653564453), (59.276302337646484, 134.3931121826172), 51.13414001464844)]
['Eye_00661.png', ((191.70916748046875, 146.32777404785156), (59.225852966308594, 130.16366577148438), 50.9606819152832)]
['Eye_00671.png', ((209.54074096679688, 126.23358154296875), (45.45081329345703, 129.14215087890625), 62.46384811401367)]
['Eye_00681.png', ((249.72799682617188, 120.07322692871094), (42.26127624511719, 123.34840393066406), 71.73593139648438)]
['Eye_00691.png', ((304.09783935546875, 119.44567108154297), (46.11528778076172, 120.02117919921875), 84.9449234008789)]
['Eye_00701.png', ((377.2859191894531, 142.8041229248047), (58.42047119140625, 122.28709411621094), 105.49508666992188)]
['Eye_00711.png', ((407.7794494628906, 156.28173828125), (57.18431091308594, 128.6509246826172), 111.50426483154297)]
['Eye_00721.png', ((387.30743408203125, 156.6295623779297), (58.16279983520508, 113.43993377685547), 107.1697006225586)]
['Eye_00731.png', ((374.68011474609375, 157.76699829101562), (66.88716125488281, 119.85391998291016), 105.96359252929688)]
['Eye_00741.png', ((377.0849304199219, 162.12713623046875), (68.65780639648438, 120.96258544921875), 106.97840118408203)]
['Eye_00751.png', ((383.1007080078125, 166.64129638671875), (75.38024139404297, 119.01956939697266), 110.55794525146484)]
['Eye_00761.png', ((426.0055236816406, 214.20419311523438), (83.56488037109375, 125.21627044677734), 138.13531494140625)]
['Eye_00771.png', ((461.0301208496094, 274.8642883300781), (87.25341033935547, 124.74996948242188), 157.39356994628906)]
['Eye_00781.png', ((429.5023498535156, 249.23965454101562), (98.7265396118164, 126.9650650024414), 145.25987243652344)]
['Eye_00791.png', ((383.9678039550781, 215.40135192871094), (112.83659362792969, 128.2276611328125), 130.71206665039062)]
['Eye_00801.png', ((296.9154357910156, 211.18675231933594), (118.5072250366211, 133.73849487304688), 68.65689086914062)]
['Eye_00811.png', ((237.142333984375, 217.17108154296875), (106.86235046386719, 128.9308319091797), 37.81409454345703)]
['Eye_00821.png', ((205.40528869628906, 232.55551147460938), (96.22322845458984, 124.832763671875), 21.5552921295166)]
['Eye_00831.png', ((208.5057830810547, 268.6993103027344), (98.26978302001953, 122.27782440185547), 9.89525032043457)]
['Eye_00841.png', ((274.62042236328125, 275.7724609375), (115.51599884033203, 124.81649780273438), 12.191386222839355)]
['Eye_00851.png', ((335.081298828125, 281.1226501464844), (117.27278137207031, 122.3718032836914), 31.31960105895996)]
['Eye_00861.png', ((383.8734436035156, 287.56512451171875), (118.47872161865234, 126.84034729003906), 10.413715362548828)]
['Eye_00871.png', ((407.68890380859375, 293.5239562988281), (114.74971771240234, 128.49510192871094), 6.542111873626709)]
['Eye_00881.png', ((412.69476318359375, 285.8530578613281), (111.79120635986328, 133.86595153808594), 2.0934391021728516)]
['Eye_00891.png', ((436.1112976074219, 293.7235412597656), (107.42121124267578, 129.85540771484375), 170.78936767578125)]
['Eye_00901.png', ((431.49395751953125, 287.03607177734375), (106.85941314697266, 130.7154998779297), 167.9254608154297)]
['Eye_00911.png', ((422.4366149902344, 310.30035400390625), (113.36006927490234, 133.45797729492188), 178.29537963867188)]
['Eye_00921.png', ((448.0239562988281, 333.5928955078125), (103.80623626708984, 129.42237854003906), 1.5481642484664917)]
['Eye_00931.png', ((393.67523193359375, 327.1825866699219), (117.17961120605469, 131.47006225585938), 20.097309112548828)]
['Eye_00941.png', ((362.609619140625, 327.6694641113281), (129.0628662109375, 139.39283752441406), 27.908782958984375)]
['Eye_00951.png', ((295.5360412597656, 321.4323425292969), (130.60409545898438, 136.1282501220703), 14.15837287902832)]
['Eye_00961.png', ((236.3167266845703, 293.7127990722656), (109.81721496582031, 127.59210968017578), 6.322332859039307)]
['Eye_00971.png', ((192.97596740722656, 307.7654724121094), (93.65016174316406, 132.9024658203125), 173.99147033691406)]
['Eye_00981.png', ((190.41822814941406, 307.61883544921875), (92.35786437988281, 124.2932357788086), 175.25115966796875)]
['Eye_00991.png', ((188.45460510253906, 349.3670959472656), (92.24019622802734, 122.99444580078125), 163.79397583007812)]
['Eye_01001.png', ((201.8868408203125, 356.8636474609375), (96.99563598632812, 132.93560791015625), 160.99749755859375)]
['Eye_01011.png', ((259.2551574707031, 374.1135559082031), (114.72480010986328, 131.95274353027344), 158.179931640625)]
['Eye_01021.png', ((312.6732177734375, 375.58837890625), (116.48046875, 121.73481750488281), 81.42313385009766)]
['Eye_01031.png', ((353.0675048828125, 387.23809814453125), (113.7633285522461, 131.53021240234375), 33.36138916015625)]
['Eye_01041.png', ((377.75604248046875, 381.5434265136719), (110.34404754638672, 129.83340454101562), 39.73377990722656)]
['Eye_01051.png', ((345.35992431640625, 368.8842468261719), (121.3957290649414, 132.21482849121094), 43.28622817993164)]
['Eye_01061.png', ((350.42535400390625, 368.391845703125), (121.50117492675781, 133.01600646972656), 30.92459487915039)]
['Eye_01071.png', ((412.5518798828125, 383.1864318847656), (103.70393371582031, 136.43836975097656), 29.443222045898438)]
['Eye_01081.png', ((395.49554443359375, 378.00244140625), (112.77928161621094, 137.95767211914062), 24.041196823120117)]
['Eye_01091.png', ((368.8751525878906, 368.9715881347656), (125.72479248046875, 140.8436279296875), 44.112491607666016)]
['Eye_01101.png', ((294.623779296875, 283.6717529296875), (130.07351684570312, 133.6308135986328), 33.19926834106445)]
['Eye_01111.png', ((276.7897033691406, 251.03440856933594), (113.3880615234375, 124.74568176269531), 26.753664016723633)]
['Eye_01121.png', ((287.5008850097656, 240.50375366210938), (110.94112396240234, 121.8988265991211), 32.05519485473633)]
['Eye_01131.png', ((272.6598815917969, 348.0689392089844), (108.18853759765625, 123.0799331665039), 89.43683624267578)]
['Eye_01141.png', ((277.48577880859375, 240.45230102539062), (120.9568862915039, 131.98825073242188), 35.01042175292969)]
['Eye_01151.png', ((273.4856262207031, 243.0833740234375), (111.3921890258789, 122.71056365966797), 31.079730987548828)]
['Eye_00011.png', ((199.6100616455078, 228.3276824951172), (137.45675659179688, 155.29737854003906), 35.356876373291016)]
['Eye_00021.png', ((204.48936462402344, 229.78541564941406), (130.81942749023438, 151.43731689453125), 42.65095520019531)]
