['Eye_00001.png', ((209.72535705566406, 231.5685577392578), (114.95482635498047, 131.552978515625), 114.3871841430664)]
['Eye_00011.png', ((198.56956481933594, 226.87960815429688), (133.22108459472656, 156.84524536132812), 40.34873962402344)]
['Eye_00021.png', ((204.06210327148438, 229.8560791015625), (129.72943115234375, 152.4191131591797), 41.340885162353516)]
['Eye_00031.png', Blink]
['Eye_00041.png', ((214.22354125976562, 239.40728759765625), (136.920654296875, 148.4158935546875), 52.33803176879883)]
['Eye_00051.png', ((214.93690490722656, 238.00912475585938), (135.18019104003906, 149.8020477294922), 40.97705841064453)]
['Eye_00061.png', ((212.9071807861328, 227.67324829101562), (134.46682739257812, 150.45164489746094), 40.45210266113281)]
['Eye_00071.png', ((219.1855926513672, 225.92164611816406), (137.30548095703125, 149.92648315429688), 36.35091018676758)]
['Eye_00081.png', Blink]
['Eye_00091.png', Blink]
['Eye_00101.png', Blink]
['Eye_00111.png', Blink]
['Eye_00121.png', Blink]
['Eye_00131.png', ((227.38333129882812, 212.793212890625), (137.52850341796875, 152.2401885986328), 37.64712905883789)]
['Eye_00141.png', ((228.1735382080078, 213.0062255859375), (134.35369873046875, 146.95465087890625), 47.4318733215332)]
['Eye_00151.png', ((226.5477752685547, 204.204345703125), (119.1350326538086, 140.43113708496094), 79.34880828857422)]
['Eye_00161.png', Blink]
['Eye_00171.png', Blink]
['Eye_00181.png', Blink]
['Eye_00191.png', Blink]
['Eye_00201.png', ((230.8617706298828, 211.0540313720703), (137.79747009277344, 151.1363983154297), 47.49345016479492)]
['Eye_00211.png', ((230.55746459960938, 216.76771545410156), (130.2190399169922, 138.11273193359375), 51.83045959472656)]
['Eye_00221.png', ((230.64773559570312, 210.24827575683594), (125.89282989501953, 132.36322021484375), 46.440650939941406)]
['Eye_00231.png', Blink]
['Eye_00241.png', Blink]
['Eye_00251.png', Blink]
['Eye_00261.png', Blink]
['Eye_00271.png', Blink]
['Eye_00281.png', Blink]
['Eye_00291.png', Blink]
['Eye_00301.png', ((234.00559997558594, 225.04322814941406), (98.34813690185547, 184.5260772705078), 100.7046890258789)]
['Eye_00311.png', ((222.68138122558594, 252.89047241210938), (144.47279357910156, 164.57693481445312), 23.568317413330078)]
['Eye_00321.png', ((226.27293395996094, 246.68182373046875), (137.6375274658203, 148.30361938476562), 39.901119232177734)]
['Eye_00331.png', Blink]
['Eye_00341.png', Blink]
['Eye_00361.png', ((243.67218017578125, 221.54989624023438), (136.43038940429688, 150.68310546875), 53.41456604003906)]
['Eye_00371.png', ((245.1218719482422, 215.84608459472656), (138.8894805908203, 150.28302001953125), 50.11973571777344)]
['Eye_00381.png', ((247.79043579101562, 214.00576782226562), (140.0352783203125, 154.6396484375), 56.318992614746094)]
['Eye_00391.png', ((246.60894775390625, 218.1621551513672), (144.00042724609375, 155.01268005371094), 53.105796813964844)]
['Eye_00401.png', ((238.27560424804688, 224.0431671142578), (146.6727294921875, 157.92161560058594), 53.19593048095703)]
['Eye_00411.png', ((208.08619689941406, 275.35589599609375), (152.93450927734375, 161.81565856933594), 31.3902645111084)]
['Eye_00421.png', ((172.6639862060547, 301.45355224609375), (144.4770050048828, 160.44456481933594), 49.936588287353516)]
['Eye_00431.png', ((154.64447021484375, 302.3934326171875), (138.04234313964844, 155.270751953125), 35.53609848022461)]
['Eye_00441.png', ((153.10690307617188, 305.6221923828125), (141.38206481933594, 159.24993896484375), 33.920406341552734)]
['Eye_00451.png', ((201.265625, 313.1105041503906), (150.24356079101562, 158.50682067871094), 43.70191955566406)]
['Eye_00461.png', ((269.0255126953125, 320.8811340332031), (151.86549377441406, 159.92942810058594), 42.57411575317383)]
['Eye_00471.png', ((303.15350341796875, 315.01715087890625), (153.2173309326172, 160.01771545410156), 52.61595916748047)]
['Eye_00481.png', ((329.0098876953125, 316.36614990234375), (154.36585998535156, 160.09812927246094), 65.12079620361328)]
['Eye_00491.png', ((353.650146484375, 336.7331237792969), (154.69395446777344, 158.37847900390625), 66.2148208618164)]
['Eye_00501.png', ((387.82196044921875, 349.3929443359375), (156.60801696777344, 159.23196411132812), 86.45028686523438)]
['Eye_00511.png', ((369.51934814453125, 401.1908264160156), (142.75393676757812, 162.6495361328125), 91.26559448242188)]
['Eye_00521.png', ((342.43426513671875, 389.8226013183594), (152.28652954101562, 158.7563934326172), 62.680198669433594)]
['Eye_00531.png', ((323.0529479980469, 285.1757507324219), (144.15298461914062, 153.75082397460938), 63.370399475097656)]
['Eye_00541.png', ((283.73040771484375, 214.63946533203125), (132.7726593017578, 145.52587890625), 56.468231201171875)]
['Eye_00551.png', ((299.2071533203125, 190.0349578857422), (130.39845275878906, 141.12791442871094), 64.83614349365234)]
['Eye_00561.png', ((291.86517333984375, 186.42279052734375), (130.67056274414062, 140.7772674560547), 58.462486267089844)]
['Eye_00571.png', ((290.3118591308594, 181.9454803466797), (129.0540008544922, 140.4366455078125), 61.02242660522461)]
['Eye_00581.png', ((255.66668701171875, 209.46725463867188), (132.06460571289062, 142.74002075195312), 47.500267028808594)]
['Eye_00591.png', ((188.06082153320312, 266.70428466796875), (126.57542419433594, 142.56256103515625), 31.61910629272461)]
['Eye_00601.png', ((167.91734313964844, 277.67376708984375), (123.17158508300781, 141.21217346191406), 40.24089050292969)]
['Eye_00611.png', ((146.86245727539062, 319.0084228515625), (129.07594299316406, 137.54562377929688), 72.12640380859375)]
['Eye_00621.png', ((130.42276000976562, 313.17694091796875), (135.11825561523438, 147.25491333007812), 65.92282104492188)]
['Eye_00631.png', ((205.50633239746094, 243.3238525390625), (116.27528381347656, 142.55609130859375), 29.223148345947266)]
['Eye_00641.png', ((231.25433349609375, 225.48092651367188), (125.816650390625, 134.0526123046875), 41.7205810546875)]
['Eye_00651.png', ((202.25279235839844, 250.75494384765625), (125.05313873291016, 137.2542724609375), 46.65932846069336)]
['Eye_00661.png', ((186.1781768798828, 268.5439758300781), (128.12448120117188, 139.54855346679688), 51.4160041809082)]
['Eye_00671.png', ((208.49758911132812, 252.37892150878906), (123.73252868652344, 134.7893829345703), 55.883888244628906)]
['Eye_00681.png', ((231.2914581298828, 240.6585235595703), (119.85652923583984, 128.20870971679688), 69.89341735839844)]
['Eye_00691.png', ((220.0757293701172, 267.5421447753906), (138.13198852539062, 148.9403533935547), 66.0647964477539)]
['Eye_00701.png', ((243.33023071289062, 270.6441955566406), (141.07510375976562, 154.2416229248047), 72.47917175292969)]
['Eye_00711.png', ((355.7157287597656, 279.740478515625), (155.58238220214844, 159.98439025878906), 110.96302795410156)]
['Eye_00721.png', ((364.2471008300781, 287.38177490234375), (148.05337524414062, 158.06394958496094), 118.0035400390625)]
['Eye_00731.png', ((434.0126037597656, 274.9776916503906), (139.748291015625, 146.3177947998047), 129.29312133789062)]
['Eye_00741.png', ((460.154052734375, 315.22802734375), (145.1969757080078, 148.23240661621094), 131.91163635253906)]
['Eye_00751.png', ((477.5682067871094, 356.79644775390625), (152.96279907226562, 162.84375), 140.49356079101562)]
['Eye_00761.png', ((471.3655090332031, 382.6107177734375), (153.0706024169922, 164.6056671142578), 138.70899963378906)]
['Eye_00771.png', ((384.40399169921875, 456.3033447265625), (156.4147186279297, 162.27516174316406), 161.62088012695312)]
['Eye_00781.png', ((312.27813720703125, 424.02435302734375), (155.69577026367188, 159.66342163085938), 1.5583239793777466)]
['Eye_00791.png', ((258.4628601074219, 401.8711853027344), (154.1687774658203, 157.62974548339844), 49.063716888427734)]
['Eye_00801.png', ((191.91424560546875, 380.1149597167969), (143.28736877441406, 156.56919860839844), 50.95029067993164)]
['Eye_00811.png', ((138.64942932128906, 390.63983154296875), (144.60638427734375, 158.93421936035156), 47.78211975097656)]
['Eye_00821.png', ((110.36328125, 434.2998046875), (146.99481201171875, 168.7472381591797), 40.73674774169922)]
['Eye_00831.png', ((136.3818359375, 369.7078857421875), (141.3043975830078, 157.09136962890625), 49.215736389160156)]
['Eye_00841.png', ((176.7771453857422, 296.1855773925781), (135.6547393798828, 144.22830200195312), 18.325801849365234)]
['Eye_00851.png', ((254.333984375, 230.71865844726562), (113.0820083618164, 130.4064178466797), 85.81034088134766)]
['Eye_00861.png', ((302.78924560546875, 177.58607482910156), (113.92829132080078, 119.07544708251953), 60.625389099121094)]
['Eye_00871.png', ((318.88836669921875, 164.21392822265625), (105.46507263183594, 111.64968872070312), 71.5938720703125)]
['Eye_00881.png', ((333.98583984375, 151.36557006835938), (98.09351348876953, 116.04141998291016), 76.44058990478516)]
['Eye_00891.png', ((360.5317687988281, 153.50732421875), (101.41817474365234, 110.71666717529297), 105.6402816772461)]
['Eye_00901.png', ((369.9613342285156, 188.65843200683594), (119.71073150634766, 121.8440170288086), 74.73092651367188)]
['Eye_00911.png', ((383.699462890625, 213.72596740722656), (119.01226043701172, 130.81321716308594), 105.23722076416016)]
['Eye_00921.png', ((377.4570617675781, 237.02911376953125), (122.83419799804688, 131.5306854248047), 111.0904769897461)]
['Eye_00931.png', ((373.0917663574219, 208.58294677734375), (114.09107208251953, 127.58506774902344), 135.27517700195312)]
['Eye_00941.png', ((361.4582824707031, 130.0840606689453), (98.75209045410156, 116.65569305419922), 89.04701232910156)]
['Eye_00951.png', ((364.2270812988281, 126.13897705078125), (88.7855453491211, 115.17700958251953), 83.70890045166016)]
['Eye_00961.png', ((367.49212646484375, 138.0996551513672), (89.31310272216797, 113.70394897460938), 83.52040100097656)]
['Eye_00971.png', ((371.92529296875, 155.2913055419922), (96.15666961669922, 119.798828125), 107.01721954345703)]
['Eye_00981.png', ((357.20172119140625, 186.05970764160156), (105.33979034423828, 115.9703369140625), 103.66365814208984)]
['Eye_00991.png', ((337.2041931152344, 193.63832092285156), (107.60000610351562, 122.29986572265625), 94.38837432861328)]
['Eye_01001.png', ((313.41607666015625, 231.05162048339844), (125.86821746826172, 137.94528198242188), 89.09467315673828)]
['Eye_01011.png', ((284.5038757324219, 251.84417724609375), (156.2613525390625, 166.04403686523438), 75.03865814208984)]
['Eye_01021.png', ((267.8203430175781, 221.71572875976562), (152.80596923828125, 163.92611694335938), 59.838340759277344)]
['Eye_01031.png', ((263.3345947265625, 223.88706970214844), (146.9627685546875, 158.8756103515625), 71.38726043701172)]
['Eye_01041.png', ((266.3752746582031, 237.6957244873047), (152.95545959472656, 164.62452697753906), 59.8553466796875)]
['Eye_01051.png', ((274.8794250488281, 247.76805114746094), (151.80569458007812, 163.366455078125), 62.09750747680664)]
['Eye_01061.png', ((315.2000732421875, 238.25885009765625), (153.90609741210938, 167.2115020751953), 52.84550476074219)]
['Eye_01071.png', ((363.6727600097656, 255.9462127685547), (150.6298065185547, 157.8663330078125), 142.59039306640625)]
['Eye_01081.png', ((398.0422668457031, 252.4119873046875), (138.2568817138672, 157.02833557128906), 157.15419006347656)]
['Eye_01091.png', ((393.2119445800781, 217.15892028808594), (142.64004516601562, 161.32276916503906), 154.53904724121094)]
['Eye_01101.png', ((381.7722473144531, 222.64207458496094), (144.42005920410156, 150.04428100585938), 174.1538848876953)]
['Eye_01111.png', ((329.1162109375, 226.04612731933594), (155.7265167236328, 161.16700744628906), 126.49373626708984)]
['Eye_01121.png', ((302.4151611328125, 220.86239624023438), (154.96658325195312, 161.05494689941406), 79.67536926269531)]
['Eye_01131.png', ((310.9128112792969, 221.95706176757812), (153.13706970214844, 158.9699249267578), 83.08528137207031)]
['Eye_01141.png', ((328.4154052734375, 219.1287841796875), (147.90794372558594, 156.07691955566406), 97.96755981445312)]
['Eye_01151.png', ((325.7999572753906, 209.03689575195312), (131.2600555419922, 141.91000366210938), 90.61957550048828)]
['Eye_01161.png', ((350.6019592285156, 156.6001434326172), (120.65168762207031, 128.98065185546875), 95.67131042480469)]
['Eye_01171.png', ((342.6854248046875, 175.29490661621094), (122.66107940673828, 130.74293518066406), 91.24755096435547)]
['Eye_01181.png', ((324.682861328125, 243.89671325683594), (156.09449768066406, 162.27108764648438), 85.95183563232422)]
['Eye_01191.png', ((292.3930358886719, 223.92138671875), (158.227294921875, 165.5334930419922), 74.73042297363281)]
['Eye_01201.png', ((292.4121398925781, 226.27987670898438), (158.10833740234375, 165.72576904296875), 68.58068084716797)]
['Eye_01211.png', ((277.3988037109375, 224.0227508544922), (155.525390625, 164.1273956298828), 59.566734313964844)]
['Eye_01221.png', ((294.9903259277344, 185.74761962890625), (136.52467346191406, 156.9889373779297), 88.87405395507812)]
['Eye_01231.png', ((280.7577209472656, 235.15696716308594), (143.85206604003906, 151.27914428710938), 65.55745697021484)]
['Eye_01241.png', ((280.67510986328125, 252.2390594482422), (149.82626342773438, 155.15719604492188), 55.465641021728516)]
['Eye_01251.png', ((277.4621887207031, 269.2098693847656), (154.8338165283203, 161.49085998535156), 34.71001434326172)]
['Eye_01261.png', ((282.54205322265625, 268.4602966308594), (151.12435913085938, 157.47250366210938), 36.50147247314453)]
['Eye_01271.png', ((274.1021423339844, 307.8907470703125), (148.76904296875, 155.5235137939453), 25.805469512939453)]
['Eye_01281.png', ((271.61590576171875, 324.01214599609375), (153.65438842773438, 156.53659057617188), 31.22901725769043)]
['Eye_01291.png', ((268.9999084472656, 344.8796691894531), (153.97682189941406, 156.11105346679688), 45.2452392578125)]
['Eye_01301.png', ((264.5896301269531, 358.3346252441406), (149.018310546875, 154.390625), 93.22557067871094)]
['Eye_01311.png', ((256.79443359375, 385.946533203125), (146.4939727783203, 152.21629333496094), 92.4186019897461)]
['Eye_01321.png', ((257.4382019042969, 385.0788879394531), (146.26803588867188, 151.46310424804688), 88.5362777709961)]
['Eye_01331.png', ((232.53884887695312, 381.2792663574219), (144.8164825439453, 150.48861694335938), 120.6559066772461)]
['Eye_01341.png', ((193.6837158203125, 379.6622009277344), (137.76217651367188, 153.85284423828125), 137.0642852783203)]
['Eye_01351.png', ((163.35897827148438, 376.5667724609375), (126.07184600830078, 144.5218505859375), 160.5850830078125)]
['Eye_01361.png', ((139.42605590820312, 371.7026672363281), (105.6753921508789, 138.64329528808594), 158.33384704589844)]
['Eye_01371.png', ((124.2565689086914, 373.94500732421875), (92.72860717773438, 142.2237091064453), 151.1038055419922)]
['Eye_01381.png', ((127.88447570800781, 375.987060546875), (93.06497955322266, 145.88575744628906), 152.12783813476562)]
['Eye_01391.png', ((143.6861114501953, 378.07794189453125), (103.93480682373047, 144.3686065673828), 150.47178649902344)]
['Eye_01401.png', ((163.9193572998047, 375.3114318847656), (115.84339141845703, 139.6504669189453), 140.69680786132812)]
['Eye_01411.png', ((188.23951721191406, 381.53765869140625), (127.03345489501953, 142.72023010253906), 143.60531616210938)]
['Eye_01421.png', ((211.62881469726562, 381.933349609375), (129.05264282226562, 142.6358184814453), 135.90647888183594)]
['Eye_01431.png', ((228.09661865234375, 385.1946716308594), (134.28921508789062, 144.01754760742188), 119.53986358642578)]
['Eye_01441.png', ((245.07717895507812, 390.6993713378906), (135.05218505859375, 145.98085021972656), 106.73078918457031)]
['Eye_01451.png', ((274.6007080078125, 391.8791198730469), (139.58372497558594, 147.67288208007812), 92.54348754882812)]
['Eye_01461.png', ((302.0885925292969, 392.6319885253906), (135.83950805664062, 151.3271484375), 66.77416229248047)]
['Eye_01471.png', ((325.76214599609375, 394.5823059082031), (132.0630340576172, 148.81068420410156), 59.16615295410156)]
['Eye_01481.png', ((354.7724914550781, 389.118408203125), (118.82510375976562, 143.9556884765625), 46.82387924194336)]
['Eye_01491.png', ((385.96142578125, 378.0870666503906), (108.09325408935547, 140.37648010253906), 38.81884002685547)]
['Eye_01501.png', ((396.1153259277344, 375.385498046875), (108.1280288696289, 138.18270874023438), 43.07089614868164)]
['Eye_01511.png', ((413.55181884765625, 335.89678955078125), (116.40264129638672, 167.40432739257812), 28.64682388305664)]
['Eye_01521.png', ((408.8656921386719, 336.85198974609375), (123.26870727539062, 147.9306182861328), 20.16259002685547)]
['Eye_01531.png', ((403.24407958984375, 320.3130187988281), (134.5128173828125, 146.27224731445312), 19.916942596435547)]
['Eye_01541.png', ((385.8071594238281, 317.48101806640625), (137.06336975097656, 151.5244140625), 24.987380981445312)]
['Eye_01551.png', ((367.4539489746094, 306.9643859863281), (145.67486572265625, 158.46017456054688), 22.7917537689209)]
['Eye_01561.png', ((345.7552795410156, 301.8602600097656), (150.12628173828125, 158.47242736816406), 18.319555282592773)]
['Eye_01571.png', ((326.6861572265625, 296.5010986328125), (154.02105712890625, 158.45884704589844), 23.07010841369629)]
['Eye_01581.png', ((298.2756042480469, 290.2940673828125), (156.57534790039062, 159.27536010742188), 30.35124397277832)]
['Eye_01591.png', ((258.8405456542969, 283.08612060546875), (152.6623077392578, 156.84864807128906), 18.805952072143555)]
['Eye_01601.png', ((212.8797607421875, 281.69830322265625), (140.63905334472656, 151.96900939941406), 8.712066650390625)]
['Eye_01611.png', ((179.7510986328125, 276.8688049316406), (126.26738739013672, 144.7633056640625), 8.110288619995117)]
['Eye_01621.png', ((143.8394775390625, 279.32379150390625), (110.86821746826172, 143.41549682617188), 0.6004315614700317)]
['Eye_01631.png', ((128.11434936523438, 282.5563659667969), (98.96826171875, 132.39529418945312), 3.4821059703826904)]
['Eye_01641.png', ((123.77900695800781, 284.677734375), (96.91728973388672, 134.05535888671875), 179.80479431152344)]
['Eye_01651.png', ((121.24144744873047, 302.9961853027344), (97.3333511352539, 138.9109344482422), 175.5532684326172)]
['Eye_01661.png', ((121.61074829101562, 306.25885009765625), (100.89924621582031, 139.7533721923828), 175.63926696777344)]
['Eye_01671.png', ((121.8940200805664, 264.30377197265625), (99.25630187988281, 136.43458557128906), 8.125917434692383)]
['Eye_01681.png', ((122.55704498291016, 244.3689422607422), (96.07991027832031, 142.24977111816406), 15.03776741027832)]
['Eye_01691.png', ((123.79470825195312, 241.1141815185547), (97.21919250488281, 144.36260986328125), 16.282068252563477)]
['Eye_01701.png', ((152.32400512695312, 230.26947021484375), (110.35974884033203, 143.6793670654297), 23.152284622192383)]
['Eye_01711.png', ((195.6531219482422, 227.73143005371094), (123.63629150390625, 140.59080505371094), 31.969453811645508)]
['Eye_01721.png', ((244.25633239746094, 226.80589294433594), (134.15133666992188, 144.47303771972656), 44.04514694213867)]
['Eye_01731.png', ((299.640380859375, 229.93128967285156), (139.09632873535156, 143.13246154785156), 72.86195373535156)]
['Eye_01741.png', ((346.0941467285156, 237.3131561279297), (135.40972900390625, 139.2830047607422), 121.43449401855469)]
['Eye_01751.png', ((389.4919738769531, 250.45301818847656), (129.00131225585938, 142.18740844726562), 151.09710693359375)]
['Eye_01761.png', ((429.03387451171875, 263.1396484375), (113.0833969116211, 146.22486877441406), 162.1472930908203)]
['Eye_01771.png', ((422.8800964355469, 245.7412109375), (112.49922180175781, 147.8787078857422), 154.2706756591797)]
['Eye_01781.png', ((423.01336669921875, 246.9186248779297), (118.59036254882812, 149.15106201171875), 158.30963134765625)]
['Eye_01791.png', ((420.65777587890625, 261.0002746582031), (123.01651000976562, 152.51007080078125), 164.4480743408203)]
['Eye_01801.png', ((421.8811340332031, 266.4693908691406), (124.72438049316406, 150.74868774414062), 167.9586639404297)]
['Eye_01811.png', ((427.6187438964844, 237.7418212890625), (116.92398834228516, 151.29196166992188), 153.62301635742188)]
['Eye_01821.png', ((430.96826171875, 219.76182556152344), (108.96501922607422, 150.05294799804688), 147.41807556152344)]
['Eye_01831.png', ((423.7296142578125, 210.61749267578125), (110.263427734375, 150.06788635253906), 143.0048370361328)]
['Eye_01841.png', ((421.2226257324219, 209.2497100830078), (110.77412414550781, 148.14694213867188), 144.14306640625)]
['Eye_01851.png', ((407.0102233886719, 195.52854919433594), (116.01879119873047, 152.04734802246094), 140.18710327148438)]
['Eye_01861.png', ((366.34130859375, 180.7100067138672), (128.57638549804688, 151.71676635742188), 118.42984771728516)]
['Eye_01871.png', ((315.9771423339844, 167.11878967285156), (131.96707153320312, 155.47299194335938), 95.80110931396484)]
['Eye_01881.png', ((259.1982116699219, 156.83816528320312), (122.7987289428711, 156.86781311035156), 71.12086486816406)]
['Eye_01891.png', ((194.73831176757812, 156.8489532470703), (109.47663116455078, 153.3413543701172), 51.467506408691406)]
['Eye_01901.png', ((146.59158325195312, 164.62738037109375), (90.04100799560547, 150.53224182128906), 37.34950637817383)]
['Eye_01911.png', ((154.45880126953125, 148.7672119140625), (90.50645446777344, 148.6237335205078), 39.65508270263672)]
['Eye_01921.png', ((164.13087463378906, 99.42542266845703), (82.45238494873047, 149.66885375976562), 44.1179084777832)]
['Eye_01931.png', ((167.5742645263672, 94.86405181884766), (79.00091552734375, 146.85250854492188), 46.675071716308594)]
['Eye_01941.png', ((204.345947265625, 86.61331176757812), (89.5157241821289, 146.57171630859375), 57.58231735229492)]
['Eye_01951.png', ((271.8454284667969, 87.32826232910156), (98.95033264160156, 141.7274169921875), 76.6133804321289)]
['Eye_01961.png', ((319.5025939941406, 114.82722473144531), (102.452392578125, 143.25405883789062), 95.01077270507812)]
['Eye_01971.png', ((369.22802734375, 134.66392517089844), (99.24658203125, 147.65325927734375), 113.27015686035156)]
['Eye_01981.png', ((397.2723693847656, 148.67247009277344), (93.55693054199219, 147.83045959472656), 122.93712615966797)]
['Eye_01991.png', ((404.11334228515625, 152.4318389892578), (90.4343032836914, 148.58383178710938), 125.88941192626953)]
['Eye_02001.png', ((404.45330810546875, 144.6542205810547), (86.81965637207031, 147.126708984375), 122.76732635498047)]
['Eye_02011.png', ((404.44317626953125, 137.60491943359375), (69.6778335571289, 141.82432556152344), 123.8795394897461)]
['Eye_02021.png', ((384.91650390625, 118.78001403808594), (81.15034484863281, 150.1450653076172), 114.1448974609375)]
['Eye_02031.png', ((361.5089111328125, 83.45885467529297), (86.22645568847656, 151.08799743652344), 107.71762084960938)]
['Eye_02041.png', ((299.1534423828125, 60.57255935668945), (83.82430267333984, 140.35659790039062), 85.68106842041016)]
['Eye_02051.png', ((255.9080810546875, 53.402915954589844), (73.57599639892578, 147.26742553710938), 75.65099334716797)]
['Eye_02061.png', ((225.78219604492188, 51.193782806396484), (62.95735549926758, 150.15228271484375), 67.86508178710938)]
['Eye_02071.png', ((207.0093536376953, 52.68653106689453), (57.45259094238281, 146.91140747070312), 62.938480377197266)]
['Eye_02081.png', ((206.812255859375, 53.05752182006836), (54.7202262878418, 146.67527770996094), 62.52898025512695)]
['Eye_02091.png', ((220.82620239257812, 48.70008850097656), (54.56598663330078, 137.9320068359375), 66.07221984863281)]
['Eye_02101.png', ((227.41165161132812, 48.5447998046875), (54.18576431274414, 136.63427734375), 68.77140808105469)]
['Eye_02111.png', ((241.00216674804688, 52.07347869873047), (65.14554595947266, 142.7327117919922), 70.63452911376953)]
['Eye_02121.png', ((244.7324981689453, 51.432289123535156), (66.43505096435547, 143.5252227783203), 71.32836151123047)]
['Eye_02131.png', ((242.24314880371094, 52.14887237548828), (66.29776000976562, 146.22915649414062), 71.67231750488281)]
['Eye_02141.png', ((237.61300659179688, 47.709197998046875), (65.56011199951172, 145.77687072753906), 71.5717544555664)]
['Eye_02151.png', ((192.09584045410156, 75.21640014648438), (72.2728500366211, 155.9000701904297), 67.69737243652344)]
['Eye_02161.png', ((218.49365234375, 66.14646911621094), (73.59616088867188, 158.73643493652344), 70.94288635253906)]
['Eye_02171.png', ((219.43283081054688, 73.03142547607422), (74.8021469116211, 157.68251037597656), 69.70862579345703)]
['Eye_02181.png', ((222.57273864746094, 87.71588897705078), (80.27473449707031, 158.1419219970703), 69.6098861694336)]
['Eye_02191.png', ((219.6015625, 142.61289978027344), (101.2917709350586, 153.95664978027344), 67.12626647949219)]
['Eye_02201.png', ((216.44735717773438, 185.6532440185547), (119.87820434570312, 149.53073120117188), 60.241416931152344)]
['Eye_02211.png', ((211.1402587890625, 228.45555114746094), (128.41964721679688, 151.380859375), 47.553932189941406)]
['Eye_02221.png', ((210.74737548828125, 248.525390625), (133.48184204101562, 151.8695068359375), 35.50395202636719)]
['Eye_02231.png', Blink]
['Eye_02241.png', ((223.66896057128906, 229.78216552734375), (129.85411071777344, 150.30528259277344), 45.708213806152344)]
['Eye_02251.png', ((223.13092041015625, 237.50711059570312), (85.00244903564453, 146.39820861816406), 108.5749740600586)]
['Eye_02261.png', ((220.56398010253906, 228.09402465820312), (104.45610809326172, 143.2407989501953), 96.04249572753906)]
['Eye_02771.png', ((310.883056640625, 233.73716735839844), (141.62521362304688, 153.08929443359375), 127.90904235839844)]
['Eye_00351.png', ((244.16590881347656, 212.970703125), (140.42800903320312, 156.62530517578125), 34.185001373291016)]
['Eye_02271.png', ((235.9632568359375, 224.05128479003906), (137.88833618164062, 182.22341918945312), 24.609371185302734)]
['Eye_02281.png', ((277.2554016113281, 229.3497772216797), (143.99610900878906, 152.1764678955078), 53.12095642089844)]
['Eye_02291.png', ((346.949951171875, 239.0208740234375), (142.5996856689453, 152.45680236816406), 166.45965576171875)]
['Eye_02301.png', ((378.105712890625, 244.13502502441406), (133.36097717285156, 147.18603515625), 136.96755981445312)]
['Eye_02311.png', ((393.2312927246094, 245.62466430664062), (130.9822998046875, 148.7525634765625), 153.75514221191406)]
['Eye_02321.png', ((412.3172912597656, 247.17076110839844), (125.19796752929688, 148.5508270263672), 157.0849609375)]
['Eye_02331.png', ((410.5917663574219, 242.51902770996094), (123.23019409179688, 150.8257598876953), 148.59527587890625)]
['Eye_02341.png', ((376.7657470703125, 231.6582794189453), (133.02987670898438, 156.74107360839844), 139.0060272216797)]
['Eye_02351.png', ((320.3157653808594, 223.2730255126953), (148.63165283203125, 155.44973754882812), 118.40324401855469)]
['Eye_02361.png', ((230.78887939453125, 210.80337524414062), (128.50167846679688, 152.55435180664062), 63.722999572753906)]
['Eye_02371.png', ((165.53868103027344, 205.21429443359375), (105.84269714355469, 139.14515686035156), 43.845672607421875)]
['Eye_02381.png', ((154.26414489746094, 211.60047912597656), (106.54370880126953, 139.24607849121094), 28.417762756347656)]
['Eye_02391.png', ((161.00381469726562, 252.38919067382812), (120.54679107666016, 129.21685791015625), 16.855117797851562)]
['Eye_02401.png', ((160.59153747558594, 283.21875), (123.94886779785156, 147.0054168701172), 12.80076789855957)]
['Eye_02411.png', ((201.1923065185547, 276.0269470214844), (141.4320831298828, 144.10818481445312), 38.549415588378906)]
['Eye_02421.png', ((285.8426513671875, 274.36541748046875), (144.69775390625, 146.9139862060547), 148.580322265625)]
['Eye_02431.png', ((356.9270324707031, 281.5129699707031), (139.8700714111328, 154.7783203125), 171.65269470214844)]
['Eye_02441.png', ((383.0644226074219, 287.81622314453125), (139.9936981201172, 152.27716064453125), 7.296651363372803)]
['Eye_02451.png', ((357.7181396484375, 265.5718078613281), (141.0654296875, 167.63388061523438), 167.42327880859375)]
['Eye_02461.png', ((371.2640380859375, 269.3439636230469), (143.58642578125, 156.01856994628906), 0.8448188900947571)]
['Eye_02471.png', ((364.669189453125, 282.8481750488281), (146.18161010742188, 149.42654418945312), 149.3272247314453)]
['Eye_02481.png', ((338.6948547363281, 292.9725036621094), (151.24220275878906, 155.08702087402344), 41.30268096923828)]
['Eye_02491.png', ((311.9632263183594, 295.07647705078125), (148.8930206298828, 154.3621368408203), 98.7540512084961)]
['Eye_02501.png', ((314.093017578125, 315.2460632324219), (143.98207092285156, 154.24557495117188), 116.24213409423828)]
['Eye_02511.png', ((248.99993896484375, 319.1628112792969), (144.39556884765625, 151.93023681640625), 119.81061553955078)]
['Eye_02531.png', ((146.17770385742188, 304.76971435546875), (112.60135650634766, 118.66309356689453), 175.367919921875)]
['Eye_02541.png', ((141.08731079101562, 338.1449279785156), (107.9839096069336, 120.85823822021484), 175.73236083984375)]
['Eye_02551.png', Blink]
['Eye_02561.png', Blink]
['Eye_02591.png', Blink]
['Eye_02601.png', ((347.5255126953125, 342.42987060546875), (146.77247619628906, 185.32176208496094), 13.637125968933105)]
['Eye_02611.png', Blink]
['Eye_02621.png', ((352.0214538574219, 356.5527648925781), (145.0286102294922, 181.17152404785156), 12.3236722946167)]
['Eye_02641.png', ((320.7944641113281, 380.12908935546875), (128.46278381347656, 143.33111572265625), 126.25589752197266)]
['Eye_02651.png', ((259.7512512207031, 386.7196960449219), (133.96128845214844, 173.79566955566406), 126.9543685913086)]
['Eye_02671.png', Blink]
['Eye_02681.png', Blink]
['Eye_02691.png', Blink]
['Eye_02711.png', ((173.81405639648438, 317.4570007324219), (119.75745391845703, 152.63941955566406), 148.47064208984375)]
['Eye_02721.png', ((226.1670684814453, 313.97540283203125), (141.3480987548828, 150.15867614746094), 139.10556030273438)]
['Eye_02731.png', ((292.239501953125, 325.78271484375), (139.2003631591797, 151.94570922851562), 170.9508514404297)]
['Eye_02751.png', ((277.4637451171875, 276.5557861328125), (146.00738525390625, 154.70040893554688), 154.2833251953125)]
['Eye_02761.png', ((321.9851989746094, 274.5252685546875), (150.05422973632812, 156.13417053222656), 2.6766200065612793)]
['Eye_02781.png', ((301.6835021972656, 214.28968811035156), (141.0457305908203, 150.4003448486328), 107.95094299316406)]
['Eye_02791.png', ((314.5621337890625, 228.25912475585938), (147.4832763671875, 155.040771484375), 173.78436279296875)]
['Eye_02801.png', ((312.3199462890625, 242.07595825195312), (138.10057067871094, 154.15902709960938), 123.98970794677734)]
['Eye_02811.png', ((235.61639404296875, 239.31753540039062), (143.7678680419922, 149.15248107910156), 154.6277313232422)]
['Eye_02821.png', ((158.09368896484375, 217.91378784179688), (103.39506530761719, 130.28842163085938), 32.669063568115234)]
['Eye_02831.png', ((136.9288330078125, 228.57203674316406), (100.68653106689453, 139.2485809326172), 17.118928909301758)]
['Eye_02841.png', ((141.07354736328125, 183.87017822265625), (89.87499237060547, 125.77444458007812), 33.498069763183594)]
['Eye_02851.png', ((158.5277557373047, 164.16683959960938), (88.07234191894531, 138.01878356933594), 46.49962615966797)]
['Eye_02861.png', ((273.5921936035156, 163.82769775390625), (126.61382293701172, 140.83544921875), 74.13079071044922)]
['Eye_02871.png', ((359.8485107421875, 176.35037231445312), (122.70549011230469, 147.7025146484375), 117.00265502929688)]
['Eye_02881.png', ((334.059326171875, 186.1040802001953), (114.52783966064453, 149.52903747558594), 110.38899230957031)]
['Eye_02891.png', ((299.5105285644531, 192.68783569335938), (135.58303833007812, 151.9770965576172), 95.70791625976562)]
['Eye_02901.png', ((302.087890625, 164.25384521484375), (132.28944396972656, 152.9188995361328), 92.16471862792969)]
['Eye_02911.png', ((297.9534606933594, 168.60446166992188), (127.98310852050781, 153.73013305664062), 95.81022644042969)]
['Eye_02921.png', ((303.0090026855469, 172.05650329589844), (135.97213745117188, 152.2301025390625), 90.12630462646484)]
['Eye_02931.png', ((294.4431457519531, 90.74610137939453), (111.02863311767578, 151.50502014160156), 96.0265121459961)]
['Eye_02941.png', ((220.4562530517578, 109.16130065917969), (108.33264923095703, 148.79368591308594), 66.59501647949219)]
['Eye_02951.png', ((181.8736572265625, 98.06208801269531), (88.51294708251953, 147.38775634765625), 54.42841720581055)]
['Eye_02961.png', ((184.95013427734375, 71.98548889160156), (82.87605285644531, 146.19146728515625), 54.540863037109375)]
['Eye_02971.png', ((173.12997436523438, 111.25698852539062), (74.7036361694336, 153.78753662109375), 53.93657684326172)]
['Eye_02981.png', ((255.45950317382812, 115.57334899902344), (109.2680892944336, 130.60997009277344), 88.63797760009766)]
['Eye_02991.png', ((251.1861572265625, 145.98236083984375), (116.4041519165039, 140.9171905517578), 105.78488159179688)]
['Eye_03001.png', ((306.44110107421875, 134.67135620117188), (135.5743865966797, 145.3843536376953), 72.98033905029297)]
['Eye_03011.png', ((227.13519287109375, 185.77471923828125), (126.5087661743164, 135.50924682617188), 40.583534240722656)]
['Eye_03031.png', ((272.7979431152344, 206.0921173095703), (129.33514404296875, 133.67652893066406), 113.78131866455078)]
['Eye_03041.png', ((287.83294677734375, 199.08212280273438), (136.95321655273438, 147.43917846679688), 19.31515121459961)]
['Eye_03051.png', ((407.8439025878906, 121.63177490234375), (69.33065795898438, 140.2639923095703), 121.57184600830078)]
['Eye_03061.png', ((378.946044921875, 106.53120422363281), (73.56031036376953, 135.83718872070312), 115.88848114013672)]
['Eye_03071.png', ((317.8261413574219, 118.79947662353516), (97.84864807128906, 143.3345184326172), 94.30027770996094)]
['Eye_03081.png', ((329.60272216796875, 106.3006820678711), (86.21141052246094, 138.81170654296875), 98.53787231445312)]
['Eye_03091.png', ((241.24496459960938, 183.46737670898438), (132.26547241210938, 152.68785095214844), 37.21054458618164)]
['Eye_03101.png', ((267.7663879394531, 221.83914184570312), (136.87828063964844, 141.6365203857422), 28.67473602294922)]
['Eye_03111.png', ((301.3297424316406, 236.95529174804688), (135.09654235839844, 135.72210693359375), 149.1792755126953)]
['Eye_03121.png', ((390.1347351074219, 124.79395294189453), (72.06600189208984, 132.66119384765625), 117.10380554199219)]
['Eye_03131.png', ((407.9306335449219, 129.32798767089844), (68.68966674804688, 135.19546508789062), 119.63504028320312)]
['Eye_03141.png', ((338.676513671875, 143.646484375), (111.0105209350586, 141.31883239746094), 113.54034423828125)]
['Eye_03151.png', ((378.8239440917969, 151.13865661621094), (100.05310821533203, 138.87722778320312), 119.54524993896484)]
['Eye_03161.png', ((307.4786682128906, 175.1143798828125), (133.64736938476562, 146.2022247314453), 132.3278045654297)]
['Eye_03181.png', ((401.90118408203125, 118.5788803100586), (76.09416961669922, 129.679443359375), 121.25056457519531)]
['Eye_03191.png', ((292.50897216796875, 87.8717041015625), (59.91667556762695, 128.61526489257812), 86.93257904052734)]
['Eye_03201.png', ((240.85475158691406, 93.42588806152344), (54.81233596801758, 129.75856018066406), 84.44149017333984)]
['Eye_03211.png', ((211.65744018554688, 90.57823181152344), (46.76740646362305, 115.02278900146484), 72.58674621582031)]
['Eye_03221.png', ((208.41725158691406, 136.24725341796875), (89.39893341064453, 143.79808044433594), 63.79679870605469)]
['Eye_03231.png', ((211.66322326660156, 216.04168701171875), (126.21173858642578, 153.6029510498047), 32.46430587768555)]
['Eye_03241.png', ((213.4735870361328, 243.10997009277344), (131.0354766845703, 147.00326538085938), 175.01283264160156)]
['Eye_03251.png', ((213.58509826660156, 235.92001342773438), (135.45448303222656, 150.9351348876953), 15.581159591674805)]
['Eye_03261.png', ((267.5589294433594, 237.0264892578125), (132.5472869873047, 145.1929168701172), 135.690673828125)]
['Eye_03271.png', ((364.138427734375, 242.4821319580078), (127.22005462646484, 146.91629028320312), 134.16485595703125)]
['Eye_03281.png', ((410.4296569824219, 242.3709259033203), (126.11100769042969, 145.02203369140625), 159.75164794921875)]
['Eye_03291.png', ((358.9886169433594, 237.550048828125), (137.0678253173828, 159.7544403076172), 169.35487365722656)]
['Eye_03341.png', ((362.52728271484375, 234.98367309570312), (146.49046325683594, 154.56723022460938), 12.587627410888672)]
['Eye_03351.png', ((436.9342041015625, 241.39358520507812), (129.42559814453125, 161.381591796875), 162.91319274902344)]
['Eye_03361.png', ((370.51922607421875, 226.53134155273438), (136.82887268066406, 164.4698486328125), 177.43856811523438)]
['Eye_03371.png', ((285.3659973144531, 234.05934143066406), (148.00552368164062, 163.08558654785156), 14.509357452392578)]
['Eye_03381.png', ((221.06100463867188, 239.3858642578125), (133.06689453125, 147.82565307617188), 161.86570739746094)]
['Eye_03391.png', ((167.912841796875, 243.82057189941406), (112.91373443603516, 142.0077667236328), 19.714906692504883)]
['Eye_03401.png', ((281.00250244140625, 233.3680877685547), (125.05865478515625, 131.1837921142578), 47.77833557128906)]
['Eye_03411.png', ((409.3899230957031, 252.85337829589844), (121.93286895751953, 146.9193115234375), 1.6912155151367188)]
['Eye_03421.png', ((419.58984375, 242.20437622070312), (119.28654479980469, 143.39268493652344), 161.71749877929688)]
['Eye_03431.png', ((331.3039245605469, 234.6563262939453), (137.04055786132812, 154.48846435546875), 160.5963592529297)]
['Eye_03441.png', ((206.9123077392578, 236.35205078125), (134.0122833251953, 149.33517456054688), 31.616674423217773)]
['Eye_03451.png', ((383.49652099609375, 248.27037048339844), (136.4180908203125, 152.5850830078125), 161.1885528564453)]
['Eye_03461.png', ((339.8206787109375, 241.78028869628906), (145.02833557128906, 155.63694763183594), 142.81788635253906)]
['Eye_03471.png', ((203.71694946289062, 256.68341064453125), (145.20245361328125, 169.98007202148438), 24.66570472717285)]
['Eye_03481.png', ((174.62860107421875, 260.0411682128906), (128.81805419921875, 150.220458984375), 35.73446273803711)]
['Eye_03491.png', ((289.1085510253906, 260.13970947265625), (143.2154998779297, 155.020751953125), 47.056617736816406)]
['Eye_03501.png', ((320.9387512207031, 248.63726806640625), (156.4302215576172, 157.83828735351562), 147.15342712402344)]
['Eye_03511.png', ((306.6829528808594, 246.9281005859375), (162.08078002929688, 163.6706085205078), 128.2476043701172)]
['Eye_03521.png', ((271.9456787109375, 255.3755340576172), (165.07412719726562, 168.14010620117188), 61.17308044433594)]
['Eye_03531.png', ((196.2397918701172, 259.9268798828125), (155.27056884765625, 171.5855712890625), 36.289581298828125)]
['Eye_03541.png', ((176.33245849609375, 243.9764404296875), (132.23052978515625, 167.39059448242188), 36.3111457824707)]
['Eye_03551.png', ((212.5634307861328, 186.51026916503906), (130.0712432861328, 162.6272735595703), 55.699607849121094)]
['Eye_03561.png', ((248.1820526123047, 182.4975128173828), (118.25177764892578, 156.57986450195312), 66.52839660644531)]
['Eye_03571.png', ((386.79827880859375, 208.62451171875), (122.06330871582031, 153.90347290039062), 139.19207763671875)]
['Eye_03581.png', ((437.46746826171875, 221.98724365234375), (104.13506317138672, 159.11529541015625), 149.0430908203125)]
['Eye_03591.png', ((355.7754211425781, 202.36651611328125), (132.14381408691406, 145.19520568847656), 138.31065368652344)]
['Eye_03601.png', ((191.41165161132812, 196.73764038085938), (121.658203125, 156.5826416015625), 50.37500762939453)]
['Eye_03611.png', ((110.27507019042969, 217.42990112304688), (90.08406066894531, 150.48800659179688), 32.4963264465332)]
['Eye_03621.png', ((192.20350646972656, 191.21925354003906), (101.9193344116211, 148.4939727783203), 39.61712646484375)]
['Eye_03631.png', ((359.54315185546875, 183.29310607910156), (107.2936019897461, 126.20792388916016), 129.39315795898438)]
['Eye_03641.png', ((425.9178161621094, 211.95928955078125), (103.07205200195312, 148.73114013671875), 145.15093994140625)]
['Eye_03651.png', ((321.3132629394531, 202.72360229492188), (126.15190124511719, 143.63076782226562), 122.12757110595703)]
['Eye_03661.png', ((252.57339477539062, 211.09378051757812), (145.79544067382812, 154.25564575195312), 58.118873596191406)]
['Eye_03671.png', ((276.43707275390625, 195.8120880126953), (140.51080322265625, 154.421630859375), 75.49899291992188)]
['Eye_03681.png', ((286.6106262207031, 190.9149169921875), (136.29888916015625, 150.34640502929688), 74.06509399414062)]
['Eye_03691.png', ((307.2863464355469, 175.8512725830078), (125.1973648071289, 141.35694885253906), 86.37777709960938)]
['Eye_03701.png', ((326.4928894042969, 146.45419311523438), (118.81351470947266, 129.79563903808594), 87.96980285644531)]
['Eye_03711.png', ((328.3743591308594, 147.2119598388672), (110.34737396240234, 128.6577911376953), 88.90819549560547)]
['Eye_03721.png', ((312.6902770996094, 144.0166015625), (112.12618255615234, 126.75741577148438), 80.56292724609375)]
['Eye_03731.png', ((281.5220642089844, 171.1764678955078), (119.7526626586914, 130.1569061279297), 53.356475830078125)]
['Eye_03741.png', ((264.9238586425781, 199.99435424804688), (120.43843841552734, 136.92784118652344), 22.56393814086914)]
['Eye_03751.png', ((297.67919921875, 192.41583251953125), (115.48632049560547, 124.07891845703125), 43.49823760986328)]
['Eye_03761.png', ((368.9351501464844, 207.7808837890625), (114.28251647949219, 125.4647216796875), 8.191766738891602)]
['Eye_03771.png', ((370.45135498046875, 199.94412231445312), (115.6238021850586, 125.13789367675781), 170.76516723632812)]
['Eye_03781.png', ((352.8858947753906, 186.52450561523438), (115.86653900146484, 117.75092315673828), 2.957798480987549)]
['Eye_03791.png', ((334.657958984375, 221.3964385986328), (116.0035629272461, 119.72899627685547), 179.76840209960938)]
['Eye_03801.png', ((296.66259765625, 228.20213317871094), (117.50584411621094, 122.05220031738281), 83.18600463867188)]
['Eye_03811.png', ((272.2087707519531, 235.4027557373047), (119.61833953857422, 132.5940704345703), 119.14755249023438)]
['Eye_03821.png', ((200.5608367919922, 246.19862365722656), (94.0301284790039, 119.60929870605469), 161.45794677734375)]
['Eye_03831.png', ((187.34950256347656, 259.68206787109375), (88.82938385009766, 124.21263885498047), 170.03700256347656)]
['Eye_03841.png', ((190.35504150390625, 276.54632568359375), (91.15837860107422, 108.74528503417969), 172.4186553955078)]
['Eye_03851.png', ((257.74505615234375, 284.3287353515625), (112.78958129882812, 114.94610595703125), 62.399539947509766)]
['Eye_03861.png', ((300.6612243652344, 291.4615783691406), (113.97657775878906, 124.5595474243164), 82.3534927368164)]
['Eye_03871.png', ((334.3805847167969, 289.0688171386719), (112.4830551147461, 121.93402862548828), 80.12603759765625)]
['Eye_03881.png', ((354.1082458496094, 279.748779296875), (114.3305892944336, 122.8911361694336), 47.721519470214844)]
['Eye_03891.png', ((360.73309326171875, 274.5627136230469), (112.70513153076172, 121.4352035522461), 20.61408805847168)]
['Eye_03901.png', ((340.98388671875, 288.37725830078125), (121.8511734008789, 131.7028350830078), 38.86933517456055)]
['Eye_03911.png', ((304.0643310546875, 280.03564453125), (127.06224822998047, 128.57432556152344), 94.53070831298828)]
['Eye_03921.png', ((277.76123046875, 286.51129150390625), (119.2043228149414, 132.813232421875), 123.30592346191406)]
['Eye_03931.png', ((255.44949340820312, 286.3083190917969), (113.29432678222656, 130.98243713378906), 130.13807678222656)]
['Eye_03941.png', ((213.6638641357422, 294.28948974609375), (102.0435791015625, 114.26338195800781), 110.79351806640625)]
['Eye_03951.png', ((203.56065368652344, 271.05535888671875), (100.76951599121094, 114.1536636352539), 155.5861053466797)]
['Eye_03961.png', ((207.58534240722656, 223.51292419433594), (103.40845489501953, 125.53620910644531), 177.198486328125)]
['Eye_03971.png', ((210.62518310546875, 171.77590942382812), (89.00908660888672, 114.91795349121094), 15.94538402557373)]
['Eye_03981.png', ((211.60433959960938, 136.66448974609375), (86.03658294677734, 119.73238372802734), 31.07264518737793)]
['Eye_03991.png', ((234.4491729736328, 84.50858306884766), (73.02384948730469, 121.4311294555664), 55.16004180908203)]
['Eye_04001.png', ((290.14227294921875, 62.576637268066406), (67.45335388183594, 117.96924591064453), 79.4091567993164)]
['Eye_04011.png', ((361.276611328125, 76.8618392944336), (71.26388549804688, 121.5788803100586), 102.93803405761719)]
['Eye_04021.png', ((404.5841064453125, 96.72477722167969), (63.66008377075195, 121.81968688964844), 115.6159896850586)]
['Eye_04031.png', ((420.5806579589844, 110.49044036865234), (63.971893310546875, 120.29684448242188), 121.94081115722656)]
['Eye_04041.png', ((428.01885986328125, 116.27766418457031), (55.34182357788086, 128.19012451171875), 127.73583221435547)]
['Eye_04051.png', ((408.93890380859375, 121.80099487304688), (77.76920318603516, 129.30105590820312), 114.54501342773438)]
['Eye_04061.png', ((311.005859375, 122.48353576660156), (89.41902160644531, 126.8267822265625), 90.97711944580078)]
['Eye_04071.png', ((217.67221069335938, 166.63182067871094), (92.78044891357422, 122.88544464111328), 40.88106918334961)]
['Eye_04081.png', ((267.7362060546875, 176.5587921142578), (109.64469146728516, 118.42213439941406), 35.7507209777832)]
['Eye_04091.png', ((357.6845703125, 197.32476806640625), (111.64546203613281, 118.56941986083984), 53.82341766357422)]
['Eye_04101.png', ((351.86663818359375, 190.5889129638672), (116.18489837646484, 123.65779113769531), 122.60456085205078)]
['Eye_04111.png', ((358.8182373046875, 182.71939086914062), (99.8780746459961, 120.37781524658203), 135.43870544433594)]
['Eye_04121.png', ((336.7466735839844, 174.1141815185547), (115.46318054199219, 122.38579559326172), 115.15646362304688)]
['Eye_04131.png', ((234.45346069335938, 264.1033935546875), (123.8055191040039, 128.3505859375), 44.396671295166016)]
['Eye_04141.png', ((148.03160095214844, 307.94287109375), (129.84812927246094, 139.8871307373047), 37.91762924194336)]
['Eye_04151.png', ((159.22889709472656, 297.3692932128906), (124.62522888183594, 134.78189086914062), 49.015926361083984)]
['Eye_04161.png', ((169.35687255859375, 281.3497314453125), (123.82176971435547, 133.40194702148438), 28.807851791381836)]
['Eye_04171.png', ((97.33555603027344, 285.4431457519531), (102.42916107177734, 136.34869384765625), 23.120115280151367)]
['Eye_04181.png', ((40.40045928955078, 308.0736389160156), (91.42276763916016, 141.2743377685547), 19.277366638183594)]
['Eye_04191.png', ((92.75789642333984, 310.90673828125), (105.36898040771484, 136.4292755126953), 22.329082489013672)]
['Eye_04201.png', ((216.3519744873047, 308.64697265625), (132.56631469726562, 136.53204345703125), 3.6710948944091797)]
['Eye_04211.png', ((243.7449493408203, 300.62615966796875), (130.84674072265625, 135.5865478515625), 44.82639694213867)]
['Eye_04221.png', ((208.60752868652344, 303.90435791015625), (130.8421173095703, 135.67100524902344), 10.720823287963867)]
['Eye_04231.png', ((292.6651306152344, 310.0677490234375), (125.99742126464844, 136.5767364501953), 176.8802947998047)]
['Eye_04241.png', ((191.6929931640625, 296.35162353515625), (133.65660095214844, 140.1448974609375), 179.8697967529297)]
['Eye_04251.png', ((71.32762145996094, 292.96453857421875), (96.70193481445312, 136.61492919921875), 20.102493286132812)]
['Eye_04261.png', ((123.27494049072266, 286.9591369628906), (108.17932891845703, 136.15408325195312), 16.047927856445312)]
['Eye_04271.png', ((94.94245147705078, 355.70892333984375), (98.17312622070312, 132.64642333984375), 167.21707153320312)]
['Eye_04281.png', ((146.86532592773438, 371.67669677734375), (118.57817077636719, 131.84754943847656), 170.32598876953125)]
['Eye_04291.png', ((200.5679473876953, 400.30181884765625), (120.74162292480469, 136.7713623046875), 75.8318862915039)]
['Eye_04301.png', ((255.70135498046875, 411.3042297363281), (125.46990203857422, 143.48890686035156), 60.09461212158203)]
['Eye_04311.png', ((268.8834533691406, 396.14910888671875), (133.76625061035156, 142.6688690185547), 68.56285095214844)]
['Eye_04321.png', ((285.802978515625, 377.8409729003906), (133.70953369140625, 146.58778381347656), 45.02339553833008)]
['Eye_04331.png', ((344.7066650390625, 261.8905029296875), (122.5888442993164, 138.89767456054688), 146.0216064453125)]
['Eye_04341.png', ((403.224853515625, 241.0865020751953), (103.31008911132812, 139.64190673828125), 163.32704162597656)]
['Eye_04351.png', ((362.7026672363281, 183.0850830078125), (112.64554595947266, 134.98800659179688), 137.53582763671875)]
['Eye_04361.png', ((291.2291259765625, 156.3025360107422), (107.97282409667969, 131.16653442382812), 88.54240417480469)]
['Eye_04371.png', ((223.46278381347656, 149.2952423095703), (105.41255187988281, 137.2419891357422), 63.31560134887695)]
['Eye_04381.png', ((187.36436462402344, 129.95895385742188), (75.22772979736328, 130.26016235351562), 49.67422103881836)]
['Eye_04391.png', ((206.64202880859375, 86.56643676757812), (53.39474105834961, 134.0333709716797), 59.3081169128418)]
['Eye_04401.png', ((270.6192626953125, 78.93143463134766), (65.37751007080078, 130.97921752929688), 76.15753936767578)]
['Eye_04411.png', ((348.57958984375, 84.86907958984375), (70.72247314453125, 118.81173706054688), 99.66937255859375)]
['Eye_04421.png', ((378.825439453125, 105.30532836914062), (74.89167022705078, 121.41604614257812), 113.86460876464844)]
['Eye_04431.png', ((416.17840576171875, 118.7463150024414), (79.34280395507812, 135.3308563232422), 125.1468276977539)]
['Eye_04441.png', ((440.1131591796875, 188.54232788085938), (96.86483764648438, 138.48365783691406), 149.657470703125)]
['Eye_04451.png', ((393.138427734375, 202.12408447265625), (108.72990417480469, 131.81629943847656), 148.13836669921875)]
['Eye_04461.png', ((358.1833190917969, 188.66847229003906), (121.23047637939453, 131.523681640625), 150.2715606689453)]
['Eye_04471.png', ((292.3037109375, 179.83291625976562), (118.21428680419922, 124.50411224365234), 48.15169143676758)]
['Eye_04481.png', ((232.91558837890625, 176.8800811767578), (109.59490966796875, 128.65809631347656), 33.89936065673828)]
['Eye_04491.png', ((185.284912109375, 194.1247100830078), (92.30049133300781, 127.12369537353516), 22.558164596557617)]
['Eye_04501.png', ((149.3557586669922, 224.72415161132812), (81.43526458740234, 135.47084045410156), 9.403231620788574)]
['Eye_04511.png', ((133.84457397460938, 309.2037658691406), (94.01065826416016, 143.8829803466797), 2.15236234664917)]
['Eye_04521.png', ((134.1201171875, 344.05828857421875), (112.3943862915039, 144.822265625), 4.775936126708984)]
['Eye_04581.png', ((122.53864288330078, 340.7696838378906), (143.01878356933594, 155.15966796875), 54.78983688354492)]
['Eye_04591.png', ((163.20077514648438, 346.8243408203125), (143.40182495117188, 154.03689575195312), 50.43851089477539)]
['Eye_04601.png', ((231.43063354492188, 326.5575866699219), (149.24757385253906, 152.58447265625), 106.98666381835938)]
['Eye_04611.png', ((253.3634033203125, 327.4183654785156), (143.929443359375, 158.15460205078125), 133.9228515625)]
['Eye_04621.png', ((184.8450164794922, 302.5761413574219), (151.8236083984375, 157.67340087890625), 81.79417419433594)]
['Eye_04631.png', ((162.85301208496094, 288.79461669921875), (138.2790069580078, 161.7492218017578), 53.39466857910156)]
['Eye_04641.png', ((230.52154541015625, 310.91650390625), (144.99545288085938, 152.8281707763672), 101.6045913696289)]
['Eye_04651.png', ((335.1629638671875, 296.11688232421875), (133.90213012695312, 161.17453002929688), 147.4415740966797)]
['Eye_04661.png', ((374.3912353515625, 272.78338623046875), (134.343017578125, 158.99713134765625), 139.1978302001953)]
['Eye_04671.png', ((344.79559326171875, 246.2994842529297), (143.21444702148438, 160.1617889404297), 115.53340148925781)]
['Eye_04681.png', ((199.25238037109375, 225.32553100585938), (122.2974624633789, 142.66171264648438), 15.183050155639648)]
['Eye_04691.png', ((106.75310516357422, 240.78561401367188), (104.49114990234375, 183.37054443359375), 25.906890869140625)]
['Eye_04701.png', ((218.38278198242188, 200.024658203125), (114.87628173828125, 154.75611877441406), 42.223995208740234)]
['Eye_04711.png', ((369.2916259765625, 210.01393127441406), (132.4452667236328, 147.1224822998047), 127.21634674072266)]
['Eye_04721.png', ((427.9635925292969, 214.92620849609375), (104.68280792236328, 152.587890625), 153.85662841796875)]
['Eye_04731.png', ((354.1936340332031, 223.23626708984375), (143.7126007080078, 151.43246459960938), 141.66595458984375)]
['Eye_04751.png', ((91.07303619384766, 241.83714294433594), (80.56029510498047, 145.92709350585938), 19.806509017944336)]
['Eye_04761.png', ((157.808349609375, 221.11419677734375), (114.93257141113281, 156.0155487060547), 30.546314239501953)]
['Eye_04771.png', ((340.6825866699219, 195.73768615722656), (136.92822265625, 150.7360076904297), 102.47113037109375)]
['Eye_04781.png', ((425.4806823730469, 212.78591918945312), (101.37969207763672, 145.3170166015625), 145.1765899658203)]
['Eye_04791.png', ((440.5392761230469, 230.41769409179688), (106.21672821044922, 151.48573303222656), 151.6435089111328)]
['Eye_04801.png', ((401.61334228515625, 227.17437744140625), (131.6193084716797, 158.21026611328125), 151.8761749267578)]
['Eye_04811.png', ((360.9290466308594, 220.4064178466797), (146.3680877685547, 158.2708282470703), 131.03082275390625)]
['Eye_04821.png', ((299.6997985839844, 223.50904846191406), (155.03985595703125, 157.6221466064453), 18.271974563598633)]
['Eye_04831.png', ((233.87515258789062, 232.119873046875), (148.69186401367188, 154.95750427246094), 48.8426399230957)]
['Eye_04841.png', ((167.37728881835938, 245.1549072265625), (119.5909423828125, 145.82240295410156), 25.01568603515625)]
['Eye_04851.png', ((109.19232940673828, 265.94891357421875), (90.9934310913086, 144.2093505859375), 10.024197578430176)]
['Eye_04861.png', ((120.68794250488281, 253.2641143798828), (92.84117126464844, 135.31817626953125), 15.444761276245117)]
['Eye_04871.png', ((176.02931213378906, 241.0569610595703), (116.34051513671875, 137.98410034179688), 31.273279190063477)]
['Eye_04881.png', ((203.39590454101562, 277.9705505371094), (132.35838317871094, 144.05027770996094), 3.9576714038848877)]
['Eye_04891.png', ((223.6776885986328, 331.6794738769531), (142.4075164794922, 148.43675231933594), 146.08982849121094)]
['Eye_04901.png', ((235.31874084472656, 376.4513244628906), (140.35350036621094, 156.3660430908203), 1.5495308637619019)]
['Eye_04911.png', ((238.51266479492188, 406.9150390625), (128.10572814941406, 146.3295135498047), 101.14573669433594)]
['Eye_04921.png', ((232.99429321289062, 367.41278076171875), (143.5272979736328, 151.8052978515625), 132.35191345214844)]
['Eye_04931.png', ((218.64520263671875, 243.0596466064453), (139.87037658691406, 147.22756958007812), 17.667739868164062)]
['Eye_04941.png', ((226.60415649414062, 164.2871856689453), (119.69306182861328, 144.7530059814453), 56.19429397583008)]
['Eye_04951.png', ((248.7955780029297, 117.3653564453125), (94.97016143798828, 142.30142211914062), 73.63751983642578)]
['Eye_04961.png', ((259.46331787109375, 102.81741333007812), (82.27677917480469, 143.19561767578125), 79.35789489746094)]
['Eye_04971.png', ((257.0588073730469, 100.40007019042969), (79.08297729492188, 144.16629028320312), 78.76957702636719)]
['Eye_04981.png', ((252.93295288085938, 147.68109130859375), (109.04965209960938, 146.6301727294922), 79.16410064697266)]
['Eye_04991.png', ((250.03427124023438, 236.21316528320312), (143.44187927246094, 148.7219696044922), 70.71635437011719)]
['Eye_05001.png', ((248.74696350097656, 321.9818420410156), (147.0321502685547, 149.2332763671875), 77.99515533447266)]
['Eye_05011.png', ((287.3019714355469, 359.99169921875), (140.3268280029297, 151.18798828125), 76.4844970703125)]
['Eye_05021.png', ((317.0386962890625, 387.79400634765625), (137.1033172607422, 154.8920440673828), 55.538917541503906)]
['Eye_05031.png', ((340.66363525390625, 385.97174072265625), (132.66757202148438, 151.40533447265625), 51.081321716308594)]
['Eye_05041.png', ((359.9219055175781, 369.94366455078125), (135.78929138183594, 161.0797882080078), 21.448476791381836)]
['Eye_05051.png', ((368.6929016113281, 343.372802734375), (131.99024963378906, 161.09283447265625), 31.332481384277344)]
['Eye_05061.png', ((336.5290222167969, 327.8474426269531), (150.10174560546875, 156.07601928710938), 53.9160041809082)]
['Eye_05071.png', ((313.50830078125, 236.59133911132812), (146.74143981933594, 151.13978576660156), 78.25938415527344)]
['Eye_05081.png', ((310.6041564941406, 207.76541137695312), (139.58372497558594, 151.86212158203125), 93.33087158203125)]
['Eye_05091.png', ((305.54095458984375, 206.12266540527344), (144.56185913085938, 153.81735229492188), 88.0654067993164)]
['Eye_05101.png', ((286.13763427734375, 204.97215270996094), (135.84239196777344, 151.51097106933594), 75.31767272949219)]
['Eye_05111.png', ((273.51177978515625, 204.88658142089844), (131.02659606933594, 149.22654724121094), 76.75324249267578)]
['Eye_05121.png', ((223.3268280029297, 203.5817108154297), (119.10094451904297, 139.96946716308594), 50.540584564208984)]
['Eye_05131.png', ((214.9862518310547, 198.06944274902344), (123.18086242675781, 144.51380920410156), 54.5640869140625)]
['Eye_05141.png', ((230.55601501464844, 205.88381958007812), (137.9283905029297, 153.54052734375), 54.98317337036133)]
['Eye_05151.png', ((249.44866943359375, 201.45599365234375), (134.9368438720703, 152.8265380859375), 65.64543151855469)]
['Eye_05161.png', ((238.94834899902344, 194.75921630859375), (133.66831970214844, 152.49624633789062), 69.4085922241211)]
['Eye_05171.png', ((236.51181030273438, 196.0679168701172), (132.08502197265625, 152.9475555419922), 66.73262023925781)]
['Eye_05181.png', ((244.87567138671875, 182.6637725830078), (129.21983337402344, 155.2971954345703), 65.78887176513672)]
['Eye_05191.png', ((243.34835815429688, 192.55612182617188), (134.88775634765625, 156.51809692382812), 59.475189208984375)]
['Eye_05201.png', ((233.3004913330078, 206.52334594726562), (137.92173767089844, 158.9241943359375), 51.7157096862793)]
['Eye_05211.png', ((244.64700317382812, 253.36941528320312), (150.4262237548828, 152.16851806640625), 20.624357223510742)]
['Eye_05221.png', ((265.46868896484375, 329.79736328125), (154.53076171875, 155.49864196777344), 12.692398071289062)]
['Eye_05231.png', ((234.8292694091797, 368.9537048339844), (148.03338623046875, 159.55760192871094), 132.6507110595703)]
['Eye_05241.png', ((222.3682861328125, 379.74554443359375), (141.63143920898438, 154.3406219482422), 117.87200927734375)]
['Eye_05251.png', ((241.52740478515625, 357.49566650390625), (145.73355102539062, 154.11988830566406), 112.75961303710938)]
['Eye_05261.png', ((306.03021240234375, 278.5873718261719), (150.18492126464844, 152.97714233398438), 52.05888366699219)]
['Eye_05271.png', ((348.1512451171875, 203.07888793945312), (140.20742797851562, 152.07733154296875), 129.4956817626953)]
['Eye_05281.png', ((385.64044189453125, 144.34136962890625), (98.44184875488281, 147.7541961669922), 124.25773620605469)]
['Eye_05301.png', ((227.74693298339844, 171.67881774902344), (130.68263244628906, 155.4936981201172), 58.632667541503906)]
['Eye_05311.png', ((250.7375030517578, 288.5862731933594), (154.41604614257812, 162.78025817871094), 171.33323669433594)]
['Eye_05321.png', ((246.1427764892578, 268.30694580078125), (152.62548828125, 162.25247192382812), 17.24547004699707)]
['Eye_05331.png', ((286.89898681640625, 202.4957275390625), (148.7224578857422, 155.375), 32.10066223144531)]
['Eye_05341.png', ((343.87420654296875, 91.01531219482422), (89.26252746582031, 134.85516357421875), 98.28490447998047)]
['Eye_05351.png', ((275.35101318359375, 66.68792724609375), (73.68827819824219, 140.2413330078125), 74.95098876953125)]
['Eye_05361.png', ((240.65016174316406, 196.0797882080078), (120.16476440429688, 132.67523193359375), 33.302066802978516)]
['Eye_05371.png', ((258.65399169921875, 292.3165588378906), (127.22073364257812, 130.55667114257812), 124.67658233642578)]
['Eye_05381.png', ((274.4043273925781, 309.5950622558594), (116.81861877441406, 143.2319793701172), 113.55509948730469)]
['Eye_05391.png', ((326.6495666503906, 255.89498901367188), (128.60009765625, 147.26443481445312), 31.462955474853516)]
['Eye_05401.png', ((414.4631042480469, 149.18869018554688), (103.31471252441406, 135.3797607421875), 135.2760772705078)]
['Eye_05411.png', ((336.0191650390625, 86.77272033691406), (91.61849975585938, 136.78213500976562), 94.31018829345703)]
['Eye_05421.png', ((188.68777465820312, 114.26213073730469), (71.08781433105469, 143.33921813964844), 49.744300842285156)]
['Eye_05431.png', ((144.85769653320312, 188.51593017578125), (68.9944076538086, 129.38168334960938), 19.477724075317383)]
['Eye_05441.png', ((163.8639373779297, 257.51129150390625), (92.89077758789062, 147.20681762695312), 178.68006896972656)]
['Eye_05451.png', ((254.4139404296875, 302.268310546875), (130.31378173828125, 135.34442138671875), 106.86023712158203)]
['Eye_05461.png', ((338.5768127441406, 310.1080627441406), (117.01487731933594, 135.9989776611328), 40.948482513427734)]
['Eye_05471.png', ((376.8125915527344, 266.57440185546875), (117.30659484863281, 148.9437713623047), 10.517287254333496)]
['Eye_05481.png', ((368.3599548339844, 187.6819305419922), (122.81979370117188, 132.458984375), 153.43560791015625)]
['Eye_05491.png', ((422.4270324707031, 175.39772033691406), (101.68141174316406, 142.95242309570312), 154.54037475585938)]
['Eye_05501.png', ((334.8592224121094, 106.4889144897461), (101.65533447265625, 141.80368041992188), 102.02947235107422)]
['Eye_05511.png', ((218.53053283691406, 125.73031616210938), (87.13488006591797, 129.5861358642578), 45.930419921875)]
['Eye_05521.png', ((190.36026000976562, 155.1626434326172), (88.1430892944336, 127.98985290527344), 30.945926666259766)]
['Eye_05531.png', ((203.9638214111328, 149.90106201171875), (93.0540771484375, 133.37521362304688), 39.79037094116211)]
['Eye_05541.png', ((205.92408752441406, 148.71438598632812), (96.89742279052734, 130.12680053710938), 38.42218017578125)]
['Eye_05551.png', ((229.0240020751953, 113.36468505859375), (75.23406219482422, 116.49360656738281), 47.09811782836914)]
['Eye_05561.png', ((251.8955535888672, 98.19041442871094), (76.0966796875, 116.91239166259766), 47.665985107421875)]
['Eye_05571.png', ((242.89332580566406, 131.36483764648438), (84.03714752197266, 109.24262237548828), 41.336402893066406)]
['Eye_05581.png', ((240.5220184326172, 198.35401916503906), (98.90339660644531, 108.471923828125), 6.098234176635742)]
['Eye_05591.png', ((317.2610778808594, 234.0749969482422), (97.17415618896484, 105.88445281982422), 97.56470489501953)]
['Eye_05601.png', ((337.74102783203125, 224.52317810058594), (107.65333557128906, 109.63362884521484), 135.50274658203125)]
